# Which attempt each level ships. Built by The Veil > Build Level Catalogue.
# Three numbers a line: chapter, level, attempt.
#
# The signature is what these answers were judged against. A catalogue whose
# signature no longer matches the rules is ignored rather than trusted — see
# Gen.LevelCatalogue, and rebuild rather than edit.
signature gold=110 spent=0.50 steps=30 price=30 growth=1.123 weapon=0.60 armour=0.50 reduce=0.15 smithy=5 curve=0.10/0.70/10/1000/0.10/7 terrain=15aee67c c1=1.82/140/18/6/60 c2=2.30/140/22/6/74 c3=2.70/140/25/6/74 c4=3.02/140/28/6/74 c5=3.28/140/30/6/81 c6=3.50/140/31/6/81 c7=3.69/140/33/6/74 c8=3.85/140/34/6/81 c9=4.00/140/35/6/81 c10=4.14/140/37/6/81

1 1 143 1.145
1 2 13 0.799
1 3 40 0.957
1 4 118 0.957
1 5 54 0.992
1 6 143 0.890
1 7 71 0.992
1 8 54 1.145
1 9 145 0.799
1 10 34 0.538
2 1 94 0.992
2 2 40 0.957
2 3 105 1.028
2 4 219 1.028
2 5 55 1.105
2 6 142 1.105
2 7 196 1.105
2 8 200 1.105
2 9 83 1.187
2 10 145 0.717
3 1 210 1.276
3 2 38 1.322
3 3 97 1.231
3 4 268 1.231
3 5 379 1.187
3 6 322 1.145
3 7 430 1.276
3 8 214 1.231
3 9 184 1.322
3 10 273 0.744
4 1 275 1.066
4 2 118 1.145
4 3 184 1.145
4 4 350 1.066
4 5 419 1.028
4 6 257 1.105
4 7 403 1.066
4 8 111 1.105
4 9 89 1.105
4 10 308 0.692
5 1 177 1.187
5 2 228 1.066
5 3 171 1.105
5 4 137 1.145
5 5 125 1.105
5 6 175 1.105
5 7 176 1.145
5 8 251 1.066
5 9 250 1.187
5 10 18 0.644
6 1 267 1.231
6 2 238 1.145
6 3 332 1.145
6 4 32 1.105
6 5 58 1.066
6 6 69 1.105
6 7 20 1.145
6 8 256 1.145
6 9 235 1.066
6 10 225 0.644
7 1 110 1.145
7 2 144 1.145
7 3 130 1.145
7 4 214 0.957
7 5 191 0.992
7 6 170 0.923
7 7 175 0.957
7 8 153 0.957
7 9 131 0.957
7 10 144 0.538
8 1 4
8 2 0
8 3 0
8 4 0
8 5 0
8 6 0
8 7 0
8 8 1
8 9 1
8 10 6
9 1 1
9 2 3
9 3 4
9 4 0
9 5 1
9 6 0
9 7 0
9 8 2
9 9 1
9 10 63
10 1 0
10 2 2
10 3 2
10 4 2
10 5 1
10 6 0
10 7 0
10 8 0
10 9 2
10 10 101
